50
35 232 88 -423 -31 -379 494 248 -385 314 -131 295 89 -165 -275 -217 362 -77 237 -274 -75 483 -49 295 303 134 110 253 434 -177 -396 465 -338 194 45 60 -402
4 58 62 -235 -330 -366
13 163 428 315 -97 159 299 377 -215 147 -121 -471 -45 -233 -499
60 66 291 -250 -356 377 -340 -63 245 111 -478 231 -464 -23 -388 376 193 458 424 -357 -14 494 243 -278 -364 342 225 -68 -167 118 -326 348 -63 219 -399 -26 -410 -496 -54 -54 158 95 448 -327 294 -204 176 460 238 221 -283 -139 180 -10 -295 -211 216 -46 252 60 -430 -301
29 15 -445 -38 -198 -117 38 290 -67 -129 204 -481 -35 -136 -466 -228 -387 319 -277 210 -442 -139 111 -28 -283 38 324 -265 144 67 -377
53 170 497 -143 -59 80 -168 208 -163 319 -66 114 -245 -484 257 -122 -186 136 -93 215 172 -34 159 165 -324 -165 -45 449 -5 -40 302 485 -265 -265 256 495 -97 480 -159 200 467 -362 441 -348 -256 -245 287 -128 -237 -364 -491 -261 -393 -174 -71
18 18 -233 -370 -194 -238 218 -384 369 116 54 31 327 -67 -315 435 -326 -151 -124 54
52 -255 -500 -305 -255 338 -443 -478 -299 -104 190 -196 69 -142 373 -379 92 -138 -57 -386 285 157 -203 362 304 -367 476 41 -279 -269 135 223 134 74 355 28 -258 302 -273 -300 -215 106 -58 391 -209 -225 -278 242 185 69 -386 460 214 428
36 -347 -221 73 -303 -112 51 -67 418 -326 -10 183 357 -13 -191 -166 -338 -39 434 65 -187 -237 -155 -266 432 467 32 -262 369 325 -408 -466 -255 348 -378 89 487 276
39 418 -246 -238 18 429 -258 303 351 -453 -354 219 -492 -423 167 -257 403 259 429 -277 358 -7 37 341 367 -393 -307 -53 -75 -5 -157 176 339 -192 -143 354 -345 -465 450 109 -204
20 244 -384 -428 -377 -86 -204 -443 497 276 365 390 39 269 250 -401 203 193 486 -373 -227 -207
46 19 -383 180 -72 -345 -255 -420 -272 -69 -461 -429 75 61 -482 464 -159 23 446 161 -73 173 495 190 493 -428 294 128 209 324 82 28 -182 -356 -191 168 255 -367 264 -247 125 -406 -493 -58 471 27 -422 -51
59 -340 -180 40 -20 -282 -491 -252 124 281 291 -178 240 469 -25 377 79 435 -90 -8 -341 470 439 -44 -281 180 71 411 -86 115 352 -457 -259 154 -376 -90 16 -203 413 98 -365 12 55 207 -272 -191 326 -28 214 196 -38 -24 -377 -356 -62 59 -197 -140 316 254 -18
3 -69 87 -259 491
61 -115 166 -1 -364 -123 413 471 -290 -441 59 -316 373 -448 -200 242 -261 332 -327 239 -35 215 29 32 117 -119 -47 87 -409 428 -476 -28 305 -477 -284 407 -195 97 -225 -336 187 -374 254 -69 -145 -126 476 51 -429 -80 436 -486 61 -337 200 242 -480 -183 54 43 -416 456 -451
12 327 187 157 -87 -371 265 -140 -159 244 -379 -107 273 25
9 -461 450 -274 97 -260 465 -243 -315 80 -73
10 -365 -479 -80 427 392 364 -178 106 121 -443 -270
17 330 273 -385 -37 -157 109 -141 -386 -121 244 234 -478 -414 5 -63 353 -498 155
36 -137 -46 -19 59 339 -344 30 7 311 401 -160 366 -346 -408 -287 262 -43 -369 168 -68 498 154 -487 -23 -135 198 387 -275 -42 -315 -134 -478 -124 -78 -304 248 -228
20 479 -488 129 56 -46 -496 88 214 -127 242 -98 247 -285 -351 -343 210 342 201 408 227 146
62 -2 -449 347 -184 -206 183 13 457 -206 478 -70 245 -314 -400 247 -132 -303 1 213 207 -79 -217 -285 -156 32 453 -424 -489 259 276 414 218 -464 -384 -430 17 -100 -155 440 292 266 85 20 -478 320 -89 267 -50 -477 52 296 -239 435 -463 -358 372 -230 220 122 -25 -51 174 -37
46 -435 -452 -86 -471 255 177 -475 -467 463 299 -440 -158 108 -248 -118 355 212 53 -418 -420 448 -166 -323 -149 499 478 -215 -483 -164 27 -403 -7 -101 -42 -120 43 367 -107 408 151 -155 469 -397 475 430 -121 416
24 240 494 -260 -125 -236 415 -95 453 231 -467 -111 -27 -6 -455 488 287 316 -85 383 -419 224 103 -411 494 -263
15 80 -329 1 24 -79 -363 -487 -5 398 -244 -413 395 -488 -234 331 206
18 395 380 -94 -272 -30 71 -226 -212 -478 -250 266 -152 -73 -74 -261 -140 284 491 -417
2 105 165 -143
24 -199 48 26 -112 379 -94 -267 -119 -333 -290 12 289 -211 -339 196 170 285 -28 162 -211 -179 -64 -40 -86 364
37 -352 69 31 -345 -108 403 423 -175 -256 -228 -32 417 117 299 -223 251 -182 32 284 188 481 134 75 431 339 -352 189 -260 473 15 -316 -393 -312 207 20 -228 -288 191
46 -24 297 119 -137 -166 -21 60 344 -183 48 287 -212 343 -432 284 -208 427 105 261 2 -196 -311 -274 424 201 458 284 404 238 72 -297 207 -479 -302 39 -114 -445 -206 -86 -490 -406 -301 435 248 202 -10 -177
13 155 465 -352 -128 454 -427 148 -36 250 -158 392 -94 -21 -159
9 352 -406 -155 -282 25 143 167 -31 429 -397
58 -56 124 -398 -497 291 -353 -443 485 -482 -468 -378 488 493 476 -204 -244 56 218 175 22 49 -318 -267 144 370 -229 11 -338 -84 -277 399 380 -485 -187 202 -402 245 -455 291 -445 273 -383 334 -57 -52 -436 228 164 414 89 -268 236 -21 -199 -353 30 -2 -272 -423
45 48 234 276 -13 446 383 302 288 -392 306 -334 54 -58 12 228 -202 5 -225 -386 86 415 154 -40 423 -439 416 116 -157 110 117 -41 169 -464 -257 20 350 -114 300 -413 249 26 -314 102 -182 17 496
54 -280 -499 35 -138 -41 -496 -87 430 -405 -234 85 -472 147 -323 -115 121 -180 265 46 -196 -343 -232 -341 -381 -76 -412 -23 -102 244 -433 -271 -280 107 -120 410 455 -14 331 227 -382 -485 -457 -429 -370 -269 -439 437 -487 234 54 227 464 440 -26 -203
37 302 212 -82 -108 350 146 172 86 304 -183 -126 70 -269 6 307 273 -276 -80 -411 492 -339 421 376 405 -363 12 2 -93 -208 -210 480 234 -125 -370 -389 -346 -258 -257
31 -111 134 -227 -251 63 -130 139 -10 -146 -455 324 465 212 247 -19 -430 -64 74 -73 -42 434 3 -366 7 263 -82 -155 -102 341 -137 -237 158
62 175 -449 -216 -274 127 432 95 165 327 -353 281 -158 108 469 176 -137 -180 -438 461 -94 63 -272 -305 -103 436 150 -136 325 -316 -144 -99 -258 407 -324 -481 286 314 -481 123 -293 130 -402 -110 412 -128 369 389 -452 64 -487 -494 -252 295 42 123 123 352 -212 -311 -63 44 -316 389
12 452 295 206 -139 316 134 332 51 237 20 416 -140 -385
16 -250 -395 210 -327 240 -409 -273 478 272 154 256 460 -327 -466 464 113 -285
24 -432 -155 -31 -147 -289 455 457 -303 -235 -258 -89 135 461 -123 -178 -234 37 142 -212 254 307 439 -95 56 -427
34 268 376 109 -75 122 -157 72 481 -300 -46 -135 16 204 -175 -442 -312 -437 -431 -426 -331 -54 49 -346 -309 -373 -396 31 -480 -341 -325 -122 -384 -18 -357 448
57 167 321 -473 -24 -173 298 485 -372 -255 -104 -340 -315 56 -194 367 -407 84 -412 81 -100 319 70 -320 -49 320 479 -83 12 -413 -69 -365 158 -75 -39 -14 141 -110 264 -353 439 -468 -447 -462 258 -222 489 395 -427 -29 -326 -207 -377 325 128 -239 495 -241 -434
14 122 495 219 260 -101 312 -377 189 13 44 215 163 -396 -494 -160
31 42 -116 -312 62 69 232 -352 -453 -67 -463 -19 117 460 153 -394 -360 -90 -451 -440 -306 -329 45 477 -189 396 431 172 486 -79 94 257 -112
53 -196 117 -412 -83 169 120 403 -348 -1 -261 -366 -479 468 -182 131 -397 -421 422 -323 149 119 73 -215 -260 -179 298 -230 353 29 -111 104 -187 -292 -235 209 -479 -430 280 -212 -296 -181 -148 68 -108 -476 -114 -251 -419 -341 217 158 -352 -69 -274
17 -20 -277 215 -171 0 -286 -93 -280 352 370 75 -302 -170 -290 475 355 156 -200
58 -435 8 -228 -265 121 -319 195 -164 435 -162 -84 -120 -172 -122 173 237 -222 -38 226 259 -114 46 -368 -59 225 -58 -31 102 -365 173 -140 193 -38 -383 -88 -232 -380 403 -235 -275 -454 306 127 36 457 207 -185 145 389 -190 -304 86 44 -500 -85 -99 -324 334 -56
53 -270 -17 -22 278 -120 91 157 325 50 182 -378 -210 190 344 -377 109 213 -318 -107 175 -326 -322 -24 207 198 357 -201 448 -122 -229 158 201 -446 180 -11 406 -222 -86 -146 251 470 30 -174 -37 379 -4 264 7 -251 -277 179 427 -418 -471
2 98 -15 -458